%YAML:1.0
M1: !!opencv-matrix
   rows: 3
   cols: 3
   dt: d
   data: [ 1.1428e+03, 0., 0.643560639e+03, 0.,
       1.14517050489e+03, 0.536705E+03, 0., 0., 1. ]
D1: !!opencv-matrix
   rows: 1
   cols: 14
   dt: d
   data: [ -1.5134521524170236e-01, -1.8687585672788252e-02, 0., 0., 0.,
       0., 0., -4.6563989711438096e-02, 0., 0., 0., 0., 0., 0. ]
M2: !!opencv-matrix
   rows: 3
   cols: 3
   dt: d
   data: [ 1.1428e+03, 0., 0.643560639e+03, 0.,
       1.14517050489e+03, 0.536705E+03, 0., 0., 1. ]
D2: !!opencv-matrix
   rows: 1
   cols: 14
   dt: d
   data: [ -1.5134521524170236e-01, -1.8687585672788252e-02, 0., 0., 0.,
       0., 0., -4.6563989711438096e-02, 0., 0., 0., 0., 0., 0. ]